[graphite_metrics.png]
filters=retouch=1;
moddate=0000e664acd00000
width=1280
height=720
textactive=0
[graphite_metrics.png.1.jpg]
filters=retouch=1;
moddate=00000e65acd00000
width=1280
height=720
text=1;155;26;..........................;Lucida Grande;0.210360,0.955871,0.033333,0.000000;v1,4294967295,4278190080,128.000000,1.000000,0.000000,1.000000,400,0,49152;;
textactive=1
